batch_size: 1
epoch_num: 2000
learning_rate: 0.001934
weight_decay: 5.11e-05
flooding: 0.006801
threshold: 0.3125
itp_weight: 0.728
dk: 133
dv: 52
num_heads: 5
dropout: 0.332
act_name: leakyrelu

max_vali_acc: 0.9765, train_sync_acc: 0.9769